-3.215905193544054130e-01 5.312977559093136348e-02
-3.213389554763421696e-01 5.497829239122473122e-02
-3.210710374625688202e-01 5.682444889378598235e-02
-3.207867857160791591e-01 5.866810450664967230e-02
-3.204862218837444265e-01 6.050911882830300320e-02
-3.201693688546641270e-01 6.234735165837749366e-02
-3.198362507584229797e-01 6.418266300832617399e-02
-3.194868929632538879e-01 6.601491311208397550e-02
-3.191213220741055401e-01 6.784396243671184101e-02
-3.187395659306164752e-01 6.966967169302201723e-02
-3.183416536049950563e-01 7.149190184618625654e-02
-3.179276153998055188e-01 7.331051412632326458e-02
-3.174974828456600950e-01 7.512537003906691324e-02
-3.170512886988181567e-01 7.693633137611304018e-02
-3.165890669386914880e-01 7.874326022574419659e-02
-3.161108527652567446e-01 8.054601898333281496e-02
-3.156166825963745981e-01 8.234447036181982704e-02
-3.151065940650168429e-01 8.413847740216981452e-02
-3.145806260163998003e-01 8.592790348380073551e-02
-3.140388185050269065e-01 8.771261233498851839e-02
-3.134812127916379310e-01 8.949246804324434423e-02
-3.129078513400666006e-01 9.126733506566506171e-02
-3.123187778140072979e-01 9.303707823925534692e-02
-3.117140370736899424e-01 9.480156279122037288e-02
-3.110936751724630023e-01 9.656065434923027935e-02
-3.104577393532873542e-01 9.831421895165232128e-02
-3.098062780451375509e-01 1.000621230577528331e-01
-3.091393408593144931e-01 1.018042335578666913e-01
-3.084569785856671187e-01 1.035404177835345385e-01
-3.077592431887242741e-01 1.052705435176057025e-01
-3.070461878037379910e-01 1.069944790043070998e-01
-3.063178667326364457e-01 1.087120929592769597e-01
-3.055743354398890443e-01 1.104232545795624243e-01
-3.048156505482824130e-01 1.121278335535812326e-01
-3.040418698346084025e-01 1.138257000710449496e-01
-3.032530522252642746e-01 1.155167248328446694e-01
-3.024492577917648473e-01 1.172007790608977640e-01
-3.016305477461684315e-01 1.188777345079546355e-01
-3.007969844364146161e-01 1.205474634673654177e-01
-2.999486313415767325e-01 1.222098387828051830e-01
-2.990855530670274431e-01 1.238647338579576818e-01
-2.982078153395191222e-01 1.255120226661554650e-01
-2.973154850021778595e-01 1.271515797599783448e-01
-2.964086300094135318e-01 1.287832802808056565e-01
-2.954873194217450538e-01 1.304069999683254155e-01
-2.945516234005406409e-01 1.320226151699969153e-01
-2.936016132026749159e-01 1.336300028504673332e-01
-2.926373611751026949e-01 1.352290406009417079e-01
-2.916589407493490604e-01 1.368196066485043438e-01
-2.906664264359173910e-01 1.384015798653926987e-01
-2.896598938186155658e-01 1.399748397782212272e-01
-2.886394195487991809e-01 1.415392665771565972e-01
-2.876050813395349404e-01 1.430947411250411139e-01
-2.865569579596820571e-01 1.446411449664657956e-01
-2.854951292278937180e-01 1.461783603367907691e-01
-2.844196760065391127e-01 1.477062701711140957e-01
-2.833306801955446930e-01 1.492247581131863898e-01
-2.822282247261577726e-01 1.507337085242718144e-01
-2.811123935546305241e-01 1.522330064919543702e-01
-2.799832716558269818e-01 1.537225378388890062e-01
-2.788409450167511627e-01 1.552021891314968316e-01
-2.776855006299993600e-01 1.566718476886030664e-01
-2.765170264871352201e-01 1.581314015900187608e-01
-2.753356115719884367e-01 1.595807396850631998e-01
-2.741413458538789483e-01 1.610197516010292151e-01
-2.729343202807650859e-01 1.624483277515880730e-01
-2.717146267723173358e-01 1.638663593451349376e-01
-2.704823582129184945e-01 1.652737383930738546e-01
-2.692376084445903817e-01 1.666703577180413953e-01
-2.679804722598472244e-01 1.680561109620686278e-01
-2.667110453944764314e-01 1.694308925946810263e-01
-2.654294245202488134e-01 1.707945979209345710e-01
-2.641357072375558612e-01 1.721471230893887316e-01
-2.628299920679774138e-01 1.734883651000154736e-01
-2.615123784467789370e-01 1.748182218120429288e-01
-2.601829667153391923e-01 1.761365919517337009e-01
-2.588418581135082941e-01 1.774433751200974463e-01
-2.574891547718987650e-01 1.787384718005362028e-01
-2.561249597041072579e-01 1.800217833664238265e-01
-2.547493767988698865e-01 1.812932120886160403e-01
-2.533625108121505543e-01 1.825526611428929802e-01
-2.519644673591637796e-01 1.838000346173330746e-01
-2.505553529063311302e-01 1.850352375196169241e-01
-2.491352747631739306e-01 1.862581757842610708e-01
-2.477043410741406881e-01 1.874687562797819340e-01
-2.462626608103719028e-01 1.886668868157879431e-01
-2.448103437614014832e-01 1.898524761499998659e-01
-2.433475005267955460e-01 1.910254339951997504e-01
-2.418742425077300140e-01 1.921856710261064249e-01
-2.403906818985068750e-01 1.933330988861779731e-01
-2.388969316780105712e-01 1.944676301943403240e-01
-2.373931056011036045e-01 1.955891785516418735e-01
-2.358793181899639657e-01 1.966976585478329986e-01
-2.343556847253638331e-01 1.977929857678703274e-01
-2.328223212378907336e-01 1.988750767983452072e-01
-2.312793444991107228e-01 1.999438492338363738e-01
-2.297268720126764696e-01 2.009992216831847922e-01
-2.281650220053781930e-01 2.020411137756925324e-01
-2.265939134181412518e-01 2.030694461672427342e-01
-2.250136658969670855e-01 2.040841405463425795e-01
-2.234243997838227247e-01 2.050851196400864662e-01
-2.218262361074758160e-01 2.060723072200410233e-01
-2.202192965742777730e-01 2.070456281080498839e-01
-2.186037035588955235e-01 2.080050081819591890e-01
-2.169795800949923803e-01 2.089503743812618219e-01
-2.153470498658580368e-01 2.098816547126616250e-01
-2.137062371949900730e-01 2.107987782555557355e-01
-2.120572670366261125e-01 2.117016751674355712e-01
-2.104002649662277957e-01 2.125902766892056039e-01
-2.087353571709182343e-01 2.134645151504195593e-01
-2.070626704398720874e-01 2.143243239744339335e-01
-2.053823321546597858e-01 2.151696376834778268e-01
-2.036944702795475404e-01 2.160003919036394826e-01
-2.019992133517520549e-01 2.168165233697688099e-01
-2.002966904716517171e-01 2.176179699302947523e-01
-1.985870312929554071e-01 2.184046705519588072e-01
-1.968703660128289235e-01 2.191765653244628353e-01
-1.951468253619795534e-01 2.199335954650313563e-01
-1.934165405947010086e-01 2.206757033228882725e-01
-1.916796434788771986e-01 2.214028323836469136e-01
-1.899362662859482298e-01 2.221149272736142322e-01
-1.881865417808370744e-01 2.228119337640072362e-01
-1.864306032118391854e-01 2.234937987750832411e-01
-1.846685843004750027e-01 2.241604703801816090e-01
-1.829006192313064605e-01 2.248118978096786125e-01
-1.811268426417185773e-01 2.254480314548532038e-01
-1.793473896116661304e-01 2.260688228716656034e-01
-1.775623956533868009e-01 2.266742247844457381e-01
-1.757719967010813733e-01 2.272641910894942496e-01
-1.739763291005618773e-01 2.278386768585927147e-01
-1.721755295988682821e-01 2.283976383424256018e-01
-1.703697353338546605e-01 2.289410329739119121e-01
-1.685590838237458755e-01 2.294688193714465307e-01
-1.667437129566645415e-01 2.299809573420519282e-01
-1.649237609801306736e-01 2.304774078844387675e-01
-1.630993664905335816e-01 2.309581331919762781e-01
-1.612706684225770348e-01 2.314230966555708979e-01
-1.594378060386989482e-01 2.318722628664548202e-01
-1.576009189184661430e-01 2.323055976188820593e-01
-1.557601469479446277e-01 2.327230679127334501e-01
-1.539156303090467581e-01 2.331246419560299155e-01
-1.520675094688559992e-01 2.335102891673531966e-01
-1.502159251689294261e-01 2.338799801781750731e-01
-1.483610184145804090e-01 2.342336868350937129e-01
-1.465029304641397023e-01 2.345713822019779571e-01
-1.446418028181986892e-01 2.348930405620179296e-01
-1.427777772088331121e-01 2.351986374196843310e-01
-1.409109955888103449e-01 2.354881495025931692e-01
-1.390416001207779306e-01 2.357615547632785358e-01
-1.371697331664385178e-01 2.360188323808712629e-01
-1.352955372757080055e-01 2.362599627626846555e-01
-1.334191551758595884e-01 2.364849275457066025e-01
-1.315407297606550063e-01 2.366937095979978478e-01
-1.296604040794621104e-01 2.368862930199968075e-01
-1.277783213263616602e-01 2.370626631457302680e-01
-1.258946248292419079e-01 2.372228065439302980e-01
-1.240094580388843015e-01 2.373667110190571805e-01
-1.221229645180385154e-01 2.374943656122278091e-01
-1.202352879304900840e-01 2.376057606020509083e-01
-1.183465720301195845e-01 2.377008875053665260e-01
-1.164569606499552129e-01 2.377797390778927933e-01
-1.145665976912196293e-01 2.378423093147771228e-01
-1.126756271123709324e-01 2.378885934510537870e-01
-1.107841929181398177e-01 2.379185879620064892e-01
-1.088924391485631693e-01 2.379322905634372598e-01
-1.070005098680149591e-01 2.379297002118397897e-01
-1.051085491542345374e-01 2.379108171044794218e-01
-1.032167010873554225e-01 2.378756426793779966e-01
-1.013251097389325367e-01 2.378241796152040510e-01
-9.943391916097045480e-02 2.377564318310692315e-01
-9.754327337495397043e-02 2.376724044862296159e-01
-9.565331636087949507e-02 2.375721039796926948e-01
-9.376419204629093951e-02 2.374555379497305385e-01
-9.187604429531887051e-02 2.373227152732975131e-01
-8.998901689772487167e-02 2.371736460653547929e-01
-8.810325355795114999e-02 2.370083416780996155e-01
-8.621889788417698430e-02 2.368268147001010293e-01
-8.433609337738261214e-02 2.366290789553413543e-01
-8.245498342042070772e-02 2.364151495021630245e-01
-8.057571126709764386e-02 2.361850426321222551e-01
-7.869842003126359398e-02 2.359387758687478964e-01
-7.682325267591463835e-02 2.356763679662076671e-01
-7.495035200230468209e-02 2.353978389078791866e-01
-7.307986063907148666e-02 2.351032099048286361e-01
-7.121192103137397034e-02 2.347925033941952733e-01
-6.934667543004539858e-02 2.344657430374829099e-01
-6.748426588076002208e-02 2.341229537187577148e-01
-6.562483421321546606e-02 2.337641615427534791e-01
-6.376852203033243904e-02 2.333893938328836792e-01
-6.191547069747055376e-02 2.329986791291601134e-01
-6.006582133166323001e-02 2.325920471860204730e-01
-5.821971479087093698e-02 2.321695289700613785e-01
-5.637729166325419761e-02 2.317311566576809589e-01
-5.453869225646745811e-02 2.312769636326278966e-01
-5.270405658697381590e-02 2.308069844834595985e-01
-5.087352436938274297e-02 2.303212550009078319e-01
-4.904723500580973616e-02 2.298198121751533485e-01
-4.722532757526063524e-02 2.293026941930086382e-01
-4.540794082304004664e-02 2.287699404350103105e-01
-4.359521315018552445e-02 2.282215914724195216e-01
-4.178728260292747382e-02 2.276576890641328066e-01
-3.998428686217692096e-02 2.270782761535018457e-01
-3.818636323304003266e-02 2.264833968650630247e-01
-3.639364863436202885e-02 2.258730965011774283e-01
-3.460627958830045370e-02 2.252474215385804890e-01
-3.282439220992824924e-02 2.246064196248431233e-01
-3.104812219686817198e-02 2.239501395747427459e-01
-2.927760481895875372e-02 2.232786313665461320e-01
-2.751297490795317352e-02 2.225919461382031284e-01
-2.575436684725122827e-02 2.218901361834524633e-01
-2.400191456166543558e-02 2.211732549478393484e-01
-2.225575150722226836e-02 2.204413570246454845e-01
-2.051601066099890958e-02 2.196944981507313321e-01
-1.878282451099633210e-02 2.189327352022916728e-01
-1.705632504605032740e-02 2.181561261905244076e-01
-1.533664374577944911e-02 2.173647302572124795e-01
-1.362391157057282753e-02 2.165586076702202545e-01
-1.191825895161655047e-02 2.157378198189037755e-01
-1.021981578096144150e-02 2.149024292094356414e-01
-8.528711401630653666e-03 2.140524994600452591e-01
-6.845074597770034464e-03 2.131880952961735520e-01
-5.169033584840651563e-03 2.123092825455442645e-01
-3.500715999854839278e-03 2.114161281331509989e-01
-1.840248891655613117e-03 2.105087000761600713e-01
-1.877587112422696158e-04 2.095870674787313204e-01
1.456628697860284927e-03 2.086513005267552068e-01
3.092788109184257950e-03 2.077014704825082825e-01
4.720594922855772535e-03 2.067376496792256713e-01
6.339925175083790942e-03 2.057599115155931968e-01
7.950655547599980166e-03 2.047683304501574375e-01
9.552663377050352178e-03 2.037629819956557065e-01
1.114582666433625024e-02 2.027439427132650684e-01
1.273002408390518092e-02 2.017112902067722258e-01
1.430513499299014557e-02 2.006651031166637456e-01
1.587103944079708284e-02 1.996054611141369339e-01
1.742761817763976984e-02 1.985324448950328002e-01
1.897475266402079419e-02 1.974461361736908616e-01
2.051232507965897178e-02 1.963466176767261206e-01
2.204021833246205819e-02 1.952339731367289666e-01
2.355831606744324125e-02 1.941082872858889419e-01
2.506650267558245548e-02 1.929696458495418210e-01
2.656466330263039521e-02 1.918181355396415266e-01
2.805268385785485152e-02 1.906538440481562735e-01
2.953045102272942868e-02 1.894768600403909653e-01
3.099785225956325219e-02 1.882872731482345685e-01
3.245477582007073869e-02 1.870851739633347388e-01
3.390111075388206607e-02 1.858706540301983956e-01
3.533674691699238701e-02 1.846438058392207981e-01
3.676157498014949454e-02 1.834047228196414581e-01
3.817548643717993961e-02 1.821534993324296914e-01
3.957837361325208803e-02 1.808902306630984225e-01
4.097012967307607501e-02 1.796150130144476553e-01
4.235064862903947791e-02 1.783279434992386114e-01
4.371982534927885966e-02 1.770291201327979236e-01
4.507755556568604494e-02 1.757186418255536065e-01
4.642373588184843525e-02 1.743966083755024155e-01
4.775826378092287716e-02 1.730631204606100648e-01
4.908103763344310450e-02 1.717182796311440274e-01
5.039195670505893648e-02 1.703621883019403316e-01
5.169092116420762745e-02 1.689949497446039950e-01
5.297783208971643815e-02 1.676166680796444819e-01
5.425259147833592921e-02 1.662274482685470733e-01
5.551510225220316480e-02 1.648273961057787618e-01
5.676526826623481264e-02 1.634166182107323895e-01
5.800299431544869017e-02 1.619952220196066162e-01
5.922818614221402045e-02 1.605633157772245467e-01
6.044075044342968328e-02 1.591210085287904641e-01
6.164059487762951761e-02 1.576684101115855829e-01
6.282762807201448807e-02 1.562056311466030190e-01
6.400175962941101471e-02 1.547327830301245544e-01
6.516290013515525781e-02 1.532499779252365912e-01
6.631096116390211570e-02 1.517573287532887061e-01
6.744585528635926863e-02 1.502549491852944452e-01
6.856749607594553320e-02 1.487429536332745827e-01
6.967579811537208401e-02 1.472214572415443123e-01
7.077067700314762511e-02 1.456905758779446225e-01
7.185204936000583187e-02 1.441504261250184105e-01
7.291983283525516057e-02 1.426011252711322230e-01
7.397394611304977663e-02 1.410427913015444845e-01
7.501430891858242023e-02 1.394755428894203231e-01
7.604084202419755800e-02 1.378994993867941887e-01
7.705346725542480679e-02 1.363147808154806517e-01
7.805210749693218542e-02 1.347215078579344083e-01
7.903668669839908345e-02 1.331198018480598821e-01
8.000712988030717066e-02 1.315097847619708660e-01
8.096336313965098175e-02 1.298915792087019794e-01
8.190531365556569243e-02 1.282653084208711380e-01
8.283290969487251687e-02 1.266310962452952826e-01
8.374608061754182375e-02 1.249890671335587011e-01
8.464475688207218074e-02 1.233393461325355822e-01
8.552887005078688154e-02 1.216820588748673132e-01
8.639835279504499976e-02 1.200173315693950915e-01
8.725313890036931475e-02 1.183452909915483353e-01
8.809316327148838943e-02 1.166660644736907670e-01
8.891836193729417415e-02 1.149797798954230177e-01
8.972867205571333216e-02 1.132865656738444304e-01
9.052403191849303643e-02 1.115865507537736057e-01
9.130438095590043268e-02 1.098798645979285615e-01
9.206965974133510255e-02 1.081666371770676899e-01
9.281980999585466574e-02 1.064469989600921734e-01
9.355477459261278550e-02 1.047210809041100865e-01
9.427449756121003555e-02 1.029890144444635669e-01
9.497892409195572705e-02 1.012509314847194752e-01
9.566800054004231946e-02 9.950696438662448573e-02
9.634167442963040284e-02 9.775724596002501043e-02
9.699989445784497344e-02 9.600190945275378918e-02
9.764261049868255826e-02 9.424108854048168782e-02
9.826977360682828677e-02 9.247491731653866009e-02
9.888133602138327038e-02 9.070353028170127785e-02
9.947725116950192903e-02 8.892706233395053506e-02
1.000574736699384737e-01 8.714564875819839906e-02
1.006219593365031417e-01 8.535942521598588462e-02
1.011706651814269220e-01 8.356852773515124899e-02
1.017035494186352834e-01 8.177309269947141690e-02
1.022205714669304211e-01 7.997325683827563592e-02
1.027216919530817008e-01 7.816915721603312495e-02
1.032068727148238718e-01 7.636093122191497939e-02
1.036760768037634228e-01 7.454871655933145713e-02
1.041292684881925112e-01 7.273265123544545019e-02
1.045664132558096482e-01 7.091287355066244746e-02
1.049874778163483596e-01 6.908952208809882034e-02
1.058195649905511182e-01 7.061831725708789254e-02
1.066394732027635406e-01 7.215319797297242710e-02
1.074471400138007904e-01 7.369404734864341833e-02
1.082425039167082548e-01 7.524074804245516057e-02
1.090255043414453673e-01 7.679318226716161377e-02
1.097960816594981959e-01 7.835123179888599243e-02
1.105541771884205882e-01 7.991477798612432737e-02
1.112997331963030134e-01 8.148370175878086319e-02
1.120326929061687959e-01 8.305788363723599910e-02
1.127530005002983782e-01 8.463720374144498293e-02
1.134606011244796153e-01 8.622154180006730284e-02
1.141554408921853780e-01 8.781077715962581909e-02
1.148374668886772698e-01 8.940478879369487264e-02
1.155066271750350010e-01 9.100345531211709305e-02
1.161628707921119746e-01 9.260665497024757331e-02
1.168061477644161128e-01 9.421426567822538400e-02
1.174364091039153402e-01 9.582616501027090006e-02
1.180536068137685302e-01 9.744223021400937046e-02
1.186576938919804702e-01 9.906233821981856591e-02
1.192486243349813735e-01 1.006863656502013649e-01
1.198263531411301319e-01 1.023141888291813906e-01
1.203908363141413251e-01 1.039456837917210053e-01
1.209420308664359289e-01 1.055807262931624108e-01
1.214798948224146691e-01 1.072191918186886084e-01
1.220043872216549363e-01 1.088609555928064104e-01
1.225154681220298192e-01 1.105058925888479371e-01
1.230130986027500872e-01 1.121538775384924302e-01
1.234972407673279038e-01 1.138047849413054702e-01
1.239678577464631004e-01 1.154584890742966219e-01
1.244249137008505424e-01 1.171148640014934850e-01
1.248683738239097785e-01 1.187737835835325634e-01
1.252982043444355598e-01 1.204351214872648734e-01
1.257143725291695047e-01 1.220987511953768728e-01
1.261168466852932157e-01 1.237645460160253508e-01
1.265055961628412939e-01 1.254323790924852522e-01
1.268805913570360544e-01 1.271021234128106581e-01
1.272418037105415567e-01 1.287736518195067292e-01
1.275892057156385873e-01 1.304468370192138349e-01
1.279227709163194004e-01 1.321215515924009098e-01
1.282424739103025790e-01 1.337976680030694143e-01
1.285482903509673480e-01 1.354750586084652320e-01
1.288401969492077026e-01 1.371535956687995050e-01
1.291181714752060450e-01 1.388331513569763809e-01
1.293821927601259414e-01 1.405135977683275306e-01
1.296322406977244435e-01 1.421948069303526352e-01
1.298682962458828916e-01 1.438766508124648680e-01
1.300903414280574766e-01 1.455590013357412338e-01
1.302983593346478397e-01 1.472417303826757395e-01
1.304923341242850143e-01 1.489247098069365893e-01
1.306722510250377667e-01 1.506078114431246839e-01
1.308380963355375570e-01 1.522909071165340078e-01
1.309898574260218440e-01 1.539738686529127931e-01
1.311275227392960652e-01 1.556565678882240178e-01
1.312510817916135997e-01 1.573388766784062365e-01
1.313605251734742130e-01 1.590206669091316083e-01
1.314558445503407336e-01 1.607018105055628421e-01
1.315370326632734899e-01 1.623821794421062004e-01
1.316040833294833956e-01 1.640616457521613669e-01
1.316569914428025456e-01 1.657400815378665959e-01
1.316957529740733490e-01 1.674173589798383932e-01
1.317203649714551172e-01 1.690933503469056742e-01
1.317308255606489398e-01 1.707679280058370663e-01
1.317271339450404311e-01 1.724409644310604117e-01
1.317092904057604597e-01 1.741123322143744712e-01
1.316772963016635545e-01 1.757819040746516626e-01
1.316311540692246818e-01 1.774495528675307243e-01
1.315708672223535047e-01 1.791151515950995532e-01
1.314964403521267644e-01 1.807785734155664403e-01
1.314078791264387813e-01 1.824396916529195112e-01
1.313051902895698286e-01 1.840983798065737864e-01
1.311883816616723486e-01 1.857545115610043651e-01
1.310574621381756510e-01 1.874079607953663129e-01
1.309124416891082610e-01 1.890586015930987573e-01
1.307533313583388868e-01 1.907063082515143004e-01
1.305801432627353154e-01 1.923509552913714449e-01
1.303928905912413727e-01 1.939924174664306999e-01
1.301915876038731157e-01 1.956305697729922022e-01
1.299762496306323678e-01 1.972652874594154337e-01
1.297468930703394308e-01 1.988964460356195674e-01
1.295035353893844721e-01 2.005239212825636608e-01
1.292461951203970616e-01 2.021475892617066727e-01
1.289748918608349670e-01 2.037673263244457189e-01
1.286896462714918754e-01 2.053830091215324005e-01
1.283904800749237629e-01 2.069945146124662627e-01
1.280774160537947182e-01 2.086017200748651046e-01
1.277504780491420522e-01 2.102045031138103648e-01
1.274096909585606952e-01 2.118027416711681654e-01
1.270550807343068800e-01 2.133963140348846266e-01
1.266866743813221396e-01 2.149850988482543412e-01
1.263044999551766745e-01 2.165689751191626766e-01
1.259085865599325893e-01 2.181478222292992375e-01
1.254989643459278326e-01 2.197215199433439903e-01
1.250756645074798945e-01 2.212899484181230780e-01
1.246387192805103739e-01 2.228529882117357697e-01
1.241881619400899417e-01 2.244105202926502118e-01
1.237240267979045349e-01 2.259624260487682057e-01
1.232463491996421967e-01 2.275085872964580647e-01
1.227551655223014515e-01 2.290488862895544431e-01
1.222505131714209242e-01 2.305832057283255521e-01
1.217324305782311183e-01 2.321114287684057920e-01
1.212009571967272437e-01 2.336334390296939123e-01
1.206561335006650360e-01 2.351491206052158112e-01
1.200980009804782922e-01 2.366583580699512523e-01
1.195266021401193285e-01 2.381610364896240839e-01
1.189419804938220970e-01 2.396570414294548479e-01
1.183441805627884202e-01 2.411462589628752817e-01
1.177332478717975361e-01 2.426285756802044336e-01
1.171092289457391772e-01 2.441038786972853925e-01
1.164721713060705155e-01 2.455720556640814400e-01
1.158221234671973909e-01 2.470329947732323173e-01
1.151591349327793640e-01 2.484865847685686080e-01
1.144832561919602448e-01 2.499327149535843229e-01
1.137945387155229054e-01 2.513712751998670170e-01
1.130930349519697342e-01 2.528021559554842757e-01
1.123787983235282062e-01 2.542252482533267077e-01
1.116518832220829149e-01 2.556404437194060297e-01
1.109123450050331638e-01 2.570476345811084640e-01
1.101602399910774355e-01 2.584467136754016181e-01
1.093956254559244612e-01 2.598375744569958457e-01
1.086185596279313770e-01 2.612201110064575338e-01
1.078291016836695759e-01 2.625942180382758728e-01
1.070273117434179383e-01 2.639597909088802208e-01
1.062132508665847574e-01 2.653167256246094508e-01
1.053869810470574875e-01 2.666649188496315048e-01
1.045485652084819639e-01 2.680042679138123773e-01
1.036980671994703757e-01 2.693346708205354156e-01
1.028355517887389325e-01 2.706560262544683848e-01
1.019610846601754911e-01 2.719682335892792402e-01
1.010747324078375559e-01 2.732711928952988867e-01
1.001765625308807528e-01 2.745648049471317020e-01
9.926664342841871880e-02 2.758489712312113262e-01
9.834504439431387968e-02 2.771235939533035486e-01
9.741183561190090712e-02 2.783885760459531289e-01
9.646708814864154991e-02 2.796438211758761616e-01
9.551087395071293507e-02 2.808892337512960413e-01
9.454326583752839519e-02 2.821247189292233615e-01
9.356433749619193219e-02 2.833501826226784703e-01
9.257416347588678929e-02 2.845655315078565728e-01
9.157281918219831174e-02 2.857706730312346011e-01
9.056038087137130432e-02 2.869655154166196320e-01
8.953692564450289881e-02 2.881499676721380743e-01
8.850253144167113950e-02 2.893239395971647365e-01
8.745727703599937009e-02 2.904873417891925547e-01
8.640124202765747663e-02 2.916400856506400352e-01
8.533450683779991719e-02 2.927820833955993018e-01
8.425715270244142630e-02 2.939132480565205263e-01
8.316926166627064410e-02 2.950334934908354079e-01
8.207091657640178117e-02 2.961427343875168705e-01
8.096220107606594274e-02 2.972408862735759216e-01
7.984319959824101587e-02 2.983278655204949503e-01
7.871399735922193774e-02 2.994035893505958001e-01
7.757468035213108126e-02 3.004679758433439485e-01
7.642533534036959064e-02 3.015209439415870718e-01
7.526604985100997236e-02 3.025624134577277191e-01
7.409691216813060755e-02 3.035923050798300937e-01
7.291801132609251890e-02 3.046105403776597775e-01
7.172943710275918316e-02 3.056170418086565088e-01
7.053128001265943081e-02 3.066117327238395696e-01
6.932363130009450147e-02 3.075945373736446165e-01
6.810658293218949111e-02 3.085653809136924552e-01
6.688022759188963495e-02 3.095241894104888147e-01
6.564465867090203688e-02 3.104708898470545098e-01
6.439997026258380275e-02 3.114054101284858822e-01
6.314625715477620305e-02 3.123276790874453535e-01
6.188361482258637747e-02 3.132376264895811446e-01
6.061213942111640801e-02 3.141351830388754429e-01
5.933192777814084995e-02 3.150202803829220133e-01
5.804307738673282480e-02 3.158928511181313681e-01
5.674568639783970914e-02 3.167528287948636612e-01
5.543985361280827362e-02 3.176001479224892510e-01
5.412567847586085418e-02 3.184347439743760999e-01
5.280326106652219464e-02 3.192565533928036769e-01
5.147270209199791835e-02 3.200655135938028084e-01
5.013410287950548216e-02 3.208615629719222540e-01
4.878756536855740483e-02 3.216446409049198984e-01
4.743319210319854595e-02 3.224146877583792259e-01
4.607108622419676947e-02 3.231716448902511307e-01
4.470135146118828923e-02 3.239154546553191238e-01
4.332409212477845994e-02 3.246460604095900426e-01
4.193941309859806899e-02 3.253634065146068788e-01
4.054741983131595479e-02 3.260674383416865552e-01
3.777125257009250614e-02 3.273667494405826384e-01
3.498388631964757106e-02 3.286421898986777168e-01
3.218553334871292193e-02 3.298936625862426975e-01
2.937640676270148604e-02 3.311210721987872252e-01
2.655672048747886871e-02 3.323243252643171552e-01
2.372668925307162141e-02 3.335033301504529701e-01
2.088652857731534973e-02 3.346579970714079200e-01
1.803645474944146759e-02 3.357882380948254974e-01
1.517668481360662930e-02 3.368939671484758036e-01
1.230743655236343076e-02 3.379751000268104710e-01
9.428928470075648161e-03 3.390315543973749790e-01
6.541379776278451186e-03 3.400632498070788046e-01
3.645010368984367977e-03 3.410701076883221328e-01
7.400408179376177786e-04 3.420520513649791261e-01
-2.173307652183521788e-03 3.430090060582370315e-01
-5.094813178613454008e-03 3.439408988922909582e-01
-8.024253277395455852e-03 3.448476588998936054e-01
-1.096140486032400746e-02 3.457292170277597165e-01
-1.390604425193454896e-02 3.465855061418247618e-01
-1.685794720653684131e-02 3.474164610323575153e-01
-1.981688892529192420e-02 3.482220184189258605e-01
-2.278264407333212282e-02 3.490021169552159908e-01
-2.575498679692034276e-02 3.497566972337040059e-01
-2.873369074065045686e-02 3.504857017901801819e-01
-3.171852906468447530e-02 3.511890751081253037e-01
-3.470927446202790034e-02 3.518667636229378393e-01
-3.770569917583945635e-02 3.525187157260136761e-01
-4.070757501677604168e-02 3.531448817686759223e-01
-4.371467338037031414e-02 3.537452140659562705e-01
-4.672676526443922396e-02 3.543196669002258159e-01
-4.974362128652418807e-02 3.548681965246773262e-01
-5.276501170135872859e-02 3.553907611666561328e-01
-5.579070641836516437e-02 3.558873210308415302e-01
-5.882047501917612303e-02 3.563578383022773521e-01
-6.185408677518260123e-02 3.568022771492516676e-01
-6.489131066510407664e-02 3.572206037260255429e-01
-6.793191539258240652e-02 3.576127861754107018e-01
-7.097566940379547440e-02 3.579787946311949742e-01
-7.402234090509073050e-02 3.583186012204178095e-01
-7.707169788063789051e-02 3.586321800654913572e-01
-8.012350811009705254e-02 3.589195072861727231e-01
-8.317753918630378662e-02 3.591805610013815153e-01
-8.623355853296738038e-02 3.594153213308667882e-01
-8.929133342238285143e-02 3.596237703967203880e-01
-9.235063099315353463e-02 3.598058923247389185e-01
-9.541121826792499372e-02 3.599616732456325519e-01
-9.847286217112675988e-02 3.600911012960809621e-01
-1.015353295467218975e-01 3.601941666196369907e-01
-1.045983871759628148e-01 3.602708613674772131e-01
-1.076618017951520706e-01 3.603211796989996829e-01
-1.107253401134059984e-01 3.603451177822685758e-01
-1.137887688304204670e-01 3.603426737943061786e-01
-1.168518546542383352e-01 3.603138479212317780e-01
-1.199143643190147684e-01 3.602586423582469499e-01
-1.229760646027818205e-01 3.601770613094693596e-01
-1.260367223452091845e-01 3.600691109876115181e-01
-1.290961044653597678e-01 3.599347996135084382e-01
-1.321539779794402847e-01 3.597741374154913574e-01
-1.352101100185435778e-01 3.595871366286084725e-01
-1.382642678463826824e-01 3.593738114936938510e-01
-1.413162188770143712e-01 3.591341782562824658e-01
-1.443657306925514028e-01 3.588682551653729624e-01
-1.474125710608623907e-01 3.585760624720384371e-01
-1.504565079532569349e-01 3.582576224278838373e-01
-1.534973095621557926e-01 3.579129592833512064e-01
-1.565347443187433962e-01 3.575420992858733826e-01
-1.595685809106030251e-01 3.571450706778751538e-01
-1.625985882993323528e-01 3.567219036946222555e-01
-1.656245357381375405e-01 3.562726305619187128e-01
-1.686461927894057078e-01 3.557972854936529705e-01
-1.716633293422534512e-01 3.552959046891924766e-01
-1.746757156300511593e-01 3.547685263306265546e-01
-1.776831222479200445e-01 3.542151905798590628e-01
-1.806853201702023626e-01 3.536359395755496182e-01
-1.836820807679029888e-01 3.530308174299051638e-01
-1.866731758260999074e-01 3.523998702253197113e-01
-1.896583775613240319e-01 3.517431460108657038e-01
-1.926374586389053845e-01 3.510606947986348869e-01
-1.956101921902860252e-01 3.503525685599289119e-01
-1.985763518302967046e-01 3.496188212213028335e-01
-2.015357116743966559e-01 3.488595086604570072e-01
-2.044880463558763350e-01 3.480746887019831037e-01
-2.074331310430192477e-01 3.472644211129591874e-01
-2.103707414562240863e-01 3.464287675983993564e-01
-2.133006538850844847e-01 3.455677917965540580e-01
-2.162226452054253345e-01 3.446815592740641865e-01
-2.191364928962946379e-01 3.437701375209673005e-01
-2.220419750569093686e-01 3.428335959455586224e-01
-2.249388704235539549e-01 3.418720058691053776e-01
-2.278269583864304115e-01 3.408854405204145843e-01
-2.307060190064587069e-01 3.398739750302571250e-01
-2.335758330320258924e-01 3.388376864256462673e-01
-2.364361819156829136e-01 3.377766536239714124e-01
-2.392868478307880742e-01 3.366909574269882910e-01
-2.421276136880950725e-01 3.355806805146657190e-01
-2.449582631522855269e-01 3.344459074388893005e-01
-2.477785806584431594e-01 3.332867246170221343e-01
-2.505883514284709124e-01 3.321032203253240778e-01
-2.533873614874459501e-01 3.308954846922290693e-01
-2.561753976799155952e-01 3.296636096914814518e-01
-2.589522476861293998e-01 3.284076891351320748e-01
-2.617177000382083785e-01 3.271278186663935661e-01
-2.644715441362490704e-01 3.258240957523576009e-01
-2.672135702643614330e-01 3.244966196765715072e-01
-2.699435696066396773e-01 3.231454915314779797e-01
-2.726613342630642145e-01 3.217708142107163494e-01
-2.753666572653342137e-01 3.203726924012870736e-01
-2.780593325926291048e-01 3.189512325755787803e-01
-2.807391551872972513e-01 3.175065429832606423e-01
-2.834059209704730686e-01 3.160387336430384164e-01
-2.860594268576172605e-01 3.145479163342764228e-01
-2.886994707739829469e-01 3.130342045884844659e-01
-2.913258516700046874e-01 3.114977136806724722e-01
-2.939383695366087901e-01 3.099385606205721233e-01
-2.965368254204447385e-01 3.083568641437253177e-01
-2.991210214390369604e-01 3.067527447024424037e-01
-3.016907607958532189e-01 3.051263244566296828e-01
-3.042458477952926788e-01 3.034777272644856305e-01
-3.067860878575875416e-01 3.018070786730693289e-01
-3.093112875336223033e-01 3.001145059087392264e-01
-3.118212545196650254e-01 2.984001378674643323e-01
-3.143157976720117319e-01 2.966641051050084577e-01
-3.167947270215436539e-01 2.949065398269876681e-01
-3.192578537881931022e-01 2.931275758788027264e-01
-3.217049903953204115e-01 2.913273487354457458e-01
-3.241359504839984584e-01 2.895059954911836098e-01
-3.265505489272047535e-01 2.876636548491174894e-01
-3.289486018439191084e-01 2.858004671106202377e-01
-3.313299266131276566e-01 2.839165741646516583e-01
-3.336943418877296175e-01 2.820121194769534823e-01
-3.360416676083475829e-01 2.800872480791234964e-01
-3.383717250170398261e-01 2.781421065575712115e-01
-3.406843366709133569e-01 2.761768430423542364e-01
-3.429793264556373900e-01 2.741916071958981904e-01
-3.452565195988542279e-01 2.721865502015990423e-01
-3.475157426834895036e-01 2.701618247523094873e-01
-3.497568236609584491e-01 2.681175850387118587e-01
-3.519795918642677490e-01 2.660539867375747991e-01
-3.541838780210133653e-01 2.639711869998984106e-01
-3.563695142662696158e-01 2.618693444389467717e-01
-3.585363341553748917e-01 2.597486191181683779e-01
-3.606841726766051859e-01 2.576091725390072251e-01
-3.628128662637414847e-01 2.554511676286034816e-01
-3.649222528085255268e-01 2.532747687273860793e-01
-3.670121716730052608e-01 2.510801415765576694e-01
-3.690824637017675047e-01 2.488674533054726634e-01
-3.711329712340588061e-01 2.466368724189096640e-01
-3.731635381157919484e-01 2.443885687842391186e-01
-3.751740097114369954e-01 2.421227136184875284e-01
-3.771642329157981477e-01 2.398394794752984893e-01
-3.791340561656729169e-01 2.375390402317917871e-01
-3.810833294513944480e-01 2.352215710753223499e-01
-3.830119043282549929e-01 2.328872484901389484e-01
-3.849196339278110335e-01 2.305362502439439742e-01
-3.868063729690673358e-01 2.281687553743564356e-01
-3.886719777695410438e-01 2.257849441752765030e-01
-3.905163062562039267e-01 2.233849981831563247e-01
-3.923392179763008358e-01 2.209691001631751417e-01
-3.941405741080466485e-01 2.185374340953205041e-01
-3.959202374711977557e-01 2.160901851603781454e-01
-3.976780725374989278e-01 2.136275397258293740e-01
-3.994139454410038370e-01 2.111496853316586486e-01
-4.011277239882704015e-01 2.086568106760712249e-01
-4.028192776684270116e-01 2.061491056011239831e-01
-4.044884776631117451e-01 2.036267610782671877e-01
-4.061351968562825765e-01 2.010899691938018430e-01
-4.077593098438972441e-01 1.985389231342517546e-01
-4.093606929434638886e-01 1.959738171716509103e-01
-4.109392242034594633e-01 1.933948466487497297e-01
-4.124947834126168611e-01 1.908022079641382984e-01
-4.140272521090798130e-01 1.881960985572904144e-01
-4.155365135894238948e-01 1.855767168935272271e-01
-4.170224529175438621e-01 1.829442624489038272e-01
-4.184849569334069819e-01 1.802989356950182587e-01
-4.199239142616703058e-01 1.776409380837443985e-01
-4.213392153201618862e-01 1.749704720318913942e-01
-4.227307523282265445e-01 1.722877409057880504e-01
-4.240984193149335835e-01 1.695929490057964395e-01
-4.254421121271469985e-01 1.668863015507529024e-01
-4.267617284374566333e-01 1.641680046623404110e-01
-4.280571677519714457e-01 1.614382653493912911e-01
-4.293283314179721644e-01 1.586972914921229438e-01
-4.305751226314240010e-01 1.559452918263066201e-01
-4.317974464443490312e-01 1.531824759273716641e-01
-4.329952097720563553e-01 1.504090541944455017e-01
-4.341683214002314273e-01 1.476252378343307359e-01
-4.353166919918815547e-01 1.448312388454213451e-01
-4.364402340941404557e-01 1.420272700015575706e-01
-4.375388621449268212e-01 1.392135448358230720e-01
-4.386124924794612134e-01 1.363902776242827686e-01
-4.396610433366368587e-01 1.335576833696657806e-01
-4.406844348652463328e-01 1.307159777849911664e-01
-4.416825891300624751e-01 1.278653772771415620e-01
-4.426554301177736406e-01 1.250060989303821146e-01
-4.436028837427720695e-01 1.221383604898289288e-01
-4.445248778527959299e-01 1.192623803448673858e-01
-4.454213422344241446e-01 1.163783775125200870e-01
-4.462922086184232251e-01 1.134865716207688058e-01
-4.471374106849463348e-01 1.105871828918281174e-01
-4.479568840685838049e-01 1.076804321253753277e-01
-4.487505663632648800e-01 1.047665406817350625e-01
-4.495183971270096390e-01 1.018457304650225437e-01
-4.502603178865328681e-01 9.891822390624402384e-02
-4.509762721416962772e-01 9.598424394635821089e-02
-4.516662053698112800e-01 9.304401401929858484e-02
-4.523300650297914505e-01 9.009775803495746749e-02
-4.529678005661534890e-01 8.714570036213512005e-02
-4.535793634128671981e-01 8.418806581145255041e-02
-4.541647069970539130e-01 8.122507961823186018e-02
-4.547237867425335534e-01 7.825696742534321571e-02
-4.552565600732188522e-01 7.528395526602175980e-02
-4.557629864163580957e-01 7.230626954665379802e-02
-4.562430272056244851e-01 6.932413702953540979e-02
-4.566966458840532317e-01 6.633778481560370643e-02
-4.571238079068259408e-01 6.334744032714174911e-02
-4.575244807439005634e-01 6.035333129046007578e-02
-4.578986338824894142e-01 5.735568571855386572e-02
-4.582462388293823130e-01 5.435473189373940528e-02
-4.585672691131167933e-01 5.135069835026896679e-02
-4.588617002859938232e-01 4.834381385692762545e-02
-4.591295099259397050e-01 4.533430739961115397e-02
-4.593706776382135426e-01 4.232240816388786742e-02
-4.595851850569599439e-01 3.930834551754587569e-02
-4.597730158466090122e-01 3.629234899312487606e-02
-4.599341557031184080e-01 3.327464827043730838e-02
-4.600685923550645318e-01 3.025547315907655549e-02
-4.601763155645757220e-01 2.723505358091670922e-02
-4.602573171281124642e-01 2.421361955260251456e-02
-4.603115908770922249e-01 2.119140116803333584e-02
-4.603391326783587423e-01 1.816862858084005578e-02
-4.603399404344971635e-01 1.514553198685839909e-02
-4.603140140839940275e-01 1.212234160659817102e-02
-4.602613556012409290e-01 9.099287667711900701e-03
-4.601819689963854709e-01 6.076600387461163558e-03
-4.600758603150247872e-01 3.054509955185058176e-03
-4.599430376377460772e-01 3.324651477045262316e-05
-4.597835110795100988e-01 -2.986959852874095100e-03
-4.595972927888821169e-01 -6.005879147340673074e-03
-4.593843969471058664e-01 -9.023281466236748177e-03
-4.591448397670239157e-01 -1.203893702269338492e-02
-4.588786394918431544e-01 -1.505261616286455301e-02
-4.585858163937450716e-01 -1.806408938341547837e-02
-4.582663927723422681e-01 -2.107312734900118611e-02
-4.579203929529803152e-01 -2.407950090973062091e-02
-4.575478432848850141e-01 -2.708298111861761823e-02
-4.571487721391557235e-01 -3.008333924901559694e-02
-4.567232099066057538e-01 -3.308034681203662203e-02
-4.562711889954463307e-01 -3.607377557395142348e-02
-4.557927438288201238e-01 -3.906339757357026737e-02
-4.552879108421787335e-01 -4.204898513960323575e-02
-4.547567284805089649e-01 -4.503031090799765324e-02
-4.541992371954039487e-01 -4.800714783925380535e-02
-4.536154794419836045e-01 -5.097926923571405311e-02
-4.530054996756607277e-01 -5.394644875882716878e-02
-4.523693443487564192e-01 -5.690846044638425694e-02
-4.517070619069617488e-01 -5.986507872972758604e-02
-4.510187027856487063e-01 -6.281607845092784803e-02
-4.503043194060295518e-01 -6.576123487993100480e-02
-4.495639661711644530e-01 -6.870032373167256345e-02
-4.487976994618184667e-01 -7.163312118315694199e-02
-4.480055776321686944e-01 -7.455940389050363937e-02
-4.471876610053588386e-01 -7.747894900595483914e-02
-4.463440118689068203e-01 -8.039153419484670882e-02
-4.454746944699607969e-01 -8.329693765254032878e-02
-4.445797750104064083e-01 -8.619493812131384658e-02
-4.436593216418253660e-01 -8.908531490721136037e-02
-4.427134044603052154e-01 -9.196784789685015504e-02
-4.417420955011015504e-01 -9.484231757418305764e-02
-4.407454687331523457e-01 -9.770850503721485725e-02
-4.397236000534446299e-01 -1.005661920146735111e-01
-4.386765672812345529e-01 -1.034151608826316820e-01
-4.376044501521214047e-01 -1.062551946810800091e-01
-4.365073303119755277e-01 -1.090860771304487942e-01
-4.353852913107206235e-01 -1.119075926480794375e-01
-4.342384185959704546e-01 -1.147195263646413749e-01
-4.330667995065227149e-01 -1.175216641404952383e-01
-4.318705232657071291e-01 -1.203137925820005616e-01
-4.306496809745910537e-01 -1.230956990577661697e-01
-4.294043656050416935e-01 -1.258671717148434344e-01
-4.281346719926456545e-01 -1.286279994948592575e-01
-4.268406968294875536e-01 -1.313779721500895337e-01
-4.255225386567857981e-01 -1.341168802594691067e-01
-4.241802978573887550e-01 -1.368445152445416646e-01
-4.228140766481298662e-01 -1.395606693853425895e-01
-4.214239790720439305e-01 -1.422651358362179708e-01
-4.200101109904431640e-01 -1.449577086415769211e-01
-4.185725800748562597e-01 -1.476381827515754752e-01
-4.171114957988278360e-01 -1.503063540377322371e-01
-4.156269694295823269e-01 -1.529620193084736401e-01
-4.141191140195504272e-01 -1.556049763246075135e-01
-4.125880443977595347e-01 -1.582350238147243182e-01
-4.110338771610891340e-01 -1.608519614905251360e-01
-4.094567306653912886e-01 -1.634555900620740243e-01
-4.078567250164780722e-01 -1.660457112529749035e-01
-4.062339820609740526e-01 -1.686221278154712289e-01
-4.045886253770383800e-01 -1.711846435454663640e-01
-4.029207802649525383e-01 -1.737330632974665723e-01
-4.012305737375790882e-01 -1.762671929994410192e-01
-3.995181345106890158e-01 -1.787868396676017824e-01
-3.977835929931596293e-01 -1.812918114210996245e-01
-3.960270812770428361e-01 -1.837819174966372482e-01
-3.942487331275065232e-01 -1.862569682629962309e-01
-3.924486839726474274e-01 -1.887167752354780292e-01
-3.906270708931776636e-01 -1.911611510902583300e-01
-3.887840326119862411e-01 -1.935899096786518614e-01
-3.869197094835736817e-01 -1.960028660412888035e-01
-3.850342434833643468e-01 -1.983998364221999933e-01
-3.831277781968937535e-01 -2.007806382828108416e-01
-3.812004588088749868e-01 -2.031450903158418253e-01
-3.792524320921412118e-01 -2.054930124591163032e-01
-3.772838463964690581e-01 -2.078242259092728250e-01
-3.752948516372808241e-01 -2.101385531353814062e-01
-3.732855992842281090e-01 -2.124358178924636575e-01
-3.712562423496569286e-01 -2.147158452349137159e-01
-3.692069353769548146e-01 -2.169784615298223918e-01
-3.671378344287816731e-01 -2.192234944701985377e-01
-3.650490970751857356e-01 -2.214507730880918568e-01
-3.629408823816034912e-01 -2.236601277676122379e-01
-3.608133508967459879e-01 -2.258513902578468957e-01
-3.586666646403728897e-01 -2.280243936856736486e-01
-3.565009870909539025e-01 -2.301789725684680599e-01
-3.574759040816730682e-01 -2.288374342634068304e-01
-3.584396471182617061e-01 -2.274863130226106311e-01
-3.593921428079563385e-01 -2.261257117391931581e-01
-3.603333186145224465e-01 -2.247557340282098637e-01
-3.612631028637783848e-01 -2.233764842187675181e-01
-3.621814247490539040e-01 -2.219880673460791209e-01
-3.630882143365818937e-01 -2.205905891434649935e-01
-3.639834025708245657e-01 -2.191841560343008033e-01
-3.648669212797319150e-01 -2.177688751239130194e-01
-3.657387031799336774e-01 -2.163448541914225198e-01
-3.665986818818628423e-01 -2.149122016815365743e-01
-3.674467918948118306e-01 -2.134710266962905889e-01
-3.682829686319193940e-01 -2.120214389867393634e-01
-3.691071484150897919e-01 -2.105635489445993880e-01
-3.699192684798414676e-01 -2.090974675938417349e-01
-3.707192669800872253e-01 -2.076233065822374602e-01
-3.715070829928440732e-01 -2.061411781728550441e-01
-3.722826565228723461e-01 -2.046511952355111741e-01
-3.730459285072450504e-01 -2.031534712381752039e-01
-3.737968408198455439e-01 -2.016481202383282045e-01
-3.745353362757937732e-01 -2.001352568742770510e-01
-3.752613586358016784e-01 -1.986149963564241561e-01
-3.759748526104554900e-01 -1.970874544584939603e-01
-3.766757638644268047e-01 -1.955527475087159850e-01
-3.773640390206099982e-01 -1.940109923809664461e-01
-3.780396256641868069e-01 -1.924623064858674015e-01
-3.787024723466191345e-01 -1.909068077618457093e-01
-3.793525285895654742e-01 -1.893446146661516560e-01
-3.799897448887262219e-01 -1.877758461658377009e-01
-3.806140727176131611e-01 -1.862006217286988619e-01
-3.812254645312449508e-01 -1.846190613141747983e-01
-3.818238737697677299e-01 -1.830312853642142856e-01
-3.824092548620013354e-01 -1.814374147941032744e-01
-3.829815632289091942e-01 -1.798375709832566172e-01
-3.835407552869931624e-01 -1.782318757659745179e-01
-3.840867884516132036e-01 -1.766204514221644817e-01
-3.846196211402298504e-01 -1.750034206680291526e-01
-3.851392127755707273e-01 -1.733809066467211502e-01
-3.856455237887211895e-01 -1.717530329189648486e-01
-3.861385156221374126e-01 -1.701199234536473481e-01
-3.866181507325824329e-01 -1.684817026183771660e-01
-3.870843925939858043e-01 -1.668384951700135344e-01
-3.875372057002244297e-01 -1.651904262451656946e-01
-3.879765555678272859e-01 -1.635376213506629373e-01
-3.884024087386008239e-01 -1.618802063539970804e-01
-3.888147327821774857e-01 -1.602183074737371093e-01
-3.892134962984848956e-01 -1.585520512699170048e-01
-3.895986689201372810e-01 -1.568815646343978687e-01
-3.899702213147485108e-01 -1.552069747812045708e-01
-3.903281251871649760e-01 -1.535284092368378872e-01
-3.906723532816213096e-01 -1.518459958305627966e-01
-3.910028793838152272e-01 -1.501598626846739337e-01
-3.913196783229044295e-01 -1.484701382047385332e-01
-3.916227259734231247e-01 -1.467769510698176960e-01
-3.919119992571195588e-01 -1.450804302226672837e-01
-3.921874761447129987e-01 -1.433807048599180789e-01
-3.924491356575720569e-01 -1.416779044222372663e-01
-3.926969578693118024e-01 -1.399721585844707350e-01
-3.929309239073112137e-01 -1.382635972457682549e-01
-3.931510159541506955e-01 -1.365523505196905574e-01
-3.933572172489687713e-01 -1.348385487243012881e-01
-3.935495120887385068e-01 -1.331223223722424742e-01
-3.937278858294633865e-01 -1.314038021607953632e-01
-3.938923248872923666e-01 -1.296831189619275793e-01
-3.940428167395546022e-01 -1.279604038123266785e-01
-3.941793499257129074e-01 -1.262357879034210484e-01
-3.943019140482365015e-01 -1.245094025713892327e-01
-3.944104997733929308e-01 -1.227813792871582793e-01
-3.945050988319587781e-01 -1.210518496463915822e-01
-3.945857040198496035e-01 -1.193209453594674258e-01
-3.946523091986682275e-01 -1.175887982414487720e-01
-3.947049092961723016e-01 -1.158555402020448738e-01
-3.947435003066609438e-01 -1.141213032355660184e-01
-3.947680792912789949e-01 -1.123862194108716100e-01
-3.947786443782420052e-01 -1.106504208613125900e-01
-3.947751947629773994e-01 -1.089140397746688055e-01
-3.947577307081869269e-01 -1.071772083830827560e-01
-3.947262535438257336e-01 -1.054400589529893295e-01
-3.946807656670019981e-01 -1.037027237750432623e-01
-3.946212705417935229e-01 -1.019653351540446840e-01
-3.945477726989844447e-01 -1.002280253988637321e-01
-3.944602777357201218e-01 -9.849092681236447377e-02
-3.943587923150807528e-01 -9.675417168132974255e-02
-3.942433241655739495e-01 -9.501789226638687746e-02
-3.941138820805464293e-01 -9.328222079193561334e-02
-3.939704759175140514e-01 -9.154728943607866321e-02
-3.938131165974114167e-01 -8.981323032055579803e-02
-3.936418161037599228e-01 -8.808017550068243662e-02
-3.934565874817554931e-01 -8.634825695529282918e-02
-3.932574448372747611e-01 -8.461760657668956909e-02
-3.930444033358010403e-01 -8.288835616059957168e-02
-3.928174792012696370e-01 -8.116063739613699202e-02
-3.925766897148318391e-01 -7.943458185577498276e-02
-3.923220532135393568e-01 -7.771032098532552890e-02
-3.920535890889477182e-01 -7.598798609392973247e-02
-3.917713177856393392e-01 -7.426770834405783950e-02
-3.914752607996667133e-01 -7.254961874152085488e-02
-3.911654406769156656e-01 -7.083384812549388398e-02
-3.908418810113880038e-01 -6.912052715855208918e-02
-3.905046064434050668e-01 -6.740978631672064902e-02
-3.901536426577310035e-01 -6.570175587953798468e-02
-3.897890163816167264e-01 -6.399656592013479306e-02
-3.894107553827651502e-01 -6.229434629532841494e-02
-3.890188884672156622e-01 -6.059522663573373158e-02
-3.886134454771509872e-01 -5.889933633589114481e-02
-3.881944572886246725e-01 -5.720680454441298690e-02
-3.877619558092094687e-01 -5.551776015414802701e-02
-3.873159739755674957e-01 -5.383233179236596860e-02
-3.868565457509420824e-01 -5.215064781096202112e-02
-3.863837061225712244e-01 -5.047283627668219808e-02
-3.858974910990233820e-01 -4.879902496137085433e-02
-3.853979377074550072e-01 -4.712934133223990740e-02
-3.848850839907909660e-01 -4.546391254216234495e-02
-3.843589690048274110e-01 -4.380286541998834604e-02
-3.838196328152574388e-01 -4.214632646088743023e-02
-3.832671164946199749e-01 -4.049442181671475405e-02
-3.827014621191719979e-01 -3.884727728640458011e-02
-3.821227127656843248e-01 -3.720501830639014185e-02
-3.815309125081607911e-01 -3.556776994105098622e-02
-3.809261064144823794e-01 -3.393565687318902957e-02
-3.803083405429746322e-01 -3.230880339453334749e-02
-3.796776619389005125e-01 -3.068733339627496837e-02
-3.790341186308774368e-01 -2.907137035963201777e-02
-3.783777596272199784e-01 -2.746103734644624039e-02
-3.777086349122072972e-01 -2.585645698981122592e-02
-3.770267954422772405e-01 -2.425775148473345577e-02
-3.763322931421451689e-01 -2.266504257882684392e-02
-3.756251809008501752e-01 -2.107845156304099382e-02
-3.749055125677271394e-01 -1.949809926242451752e-02
-3.741733429483058426e-01 -1.792410602692362520e-02
-3.734287278001376942e-01 -1.635659172221721330e-02
-3.726717238285488509e-01 -1.479567572058843039e-02
-3.719023886823230041e-01 -1.324147689183416410e-02
-3.711207809493097809e-01 -1.169411359421257401e-02
-3.703269601519642018e-01 -1.015370366542953096e-02
-3.695209867428136397e-01 -8.620364413665156100e-03
-3.687029220998533918e-01 -7.094212608639960393e-03
-3.678728285218734184e-01 -5.575364472722721398e-03
-3.670307692237135266e-01 -4.063935672079334316e-03
-3.661768083314493327e-01 -2.560041307864829863e-03
-3.653110108775091680e-01 -1.063795907457483481e-03
-3.644334427957210965e-01 4.246865842624375498e-04
-3.635441709162922641e-01 1.905292813590267476e-03
-3.626432629607192482e-01 3.377910026629335483e-03
-3.617307875366308489e-01 4.842426077877354240e-03
-3.608068141325632694e-01 6.298729438766921540e-03
-3.598714131126687921e-01 7.746709206158733374e-03
-3.589246557113564551e-01 9.186255110787550082e-03
-3.579666140278680020e-01 1.061725752565919473e-02
-3.569973610207867187e-01 1.203960747439949963e-02
-3.560169705024818776e-01 1.345319663955292511e-02
-3.550255171334870119e-01 1.485791737083166919e-02
-3.540230764168147970e-01 1.625366269331350588e-02
-3.530097246922069276e-01 1.764032631558816455e-02
-3.519855391303204906e-01 1.901780263785220887e-02
-3.509505977268516097e-01 2.038598675995052789e-02
-3.499049792965946981e-01 2.174477448936511237e-02
-3.488487634674418136e-01 2.309406234914961054e-02
-3.477820306743174550e-01 2.443374758580951767e-02
-3.467048621530540164e-01 2.576372817712722224e-02
-3.456173399342046260e-01 2.708390283993153402e-02
-3.445195468367969194e-01 2.839417103781052137e-02
-3.434115664620255304e-01 2.969443298876810883e-02
-3.422934831868855721e-01 3.098458967282251980e-02
-3.411653821577473877e-01 3.226454283954717506e-02
-3.400273492838719602e-01 3.353419501555297833e-02
-3.388794712308688117e-01 3.479344951191098295e-02
-3.377218354140956724e-01 3.604221043151595305e-02
-3.365545299920020272e-01 3.728038267638902198e-02
-3.353776438594153197e-01 3.850787195492005183e-02
-3.341912666407708121e-01 3.972458478904798695e-02
-3.329954886832871552e-01 4.093042852137977750e-02
-3.317904010500852818e-01 4.212531132224676261e-02
-3.305760955132542867e-01 4.330914219669729226e-02
-3.293526645468620728e-01 4.448183099142703073e-02
-3.281202013199134848e-01 4.564328840164387502e-02
-3.268787996892549286e-01 4.679342597786941005e-02
-3.256285541924269222e-01 4.793215613267415992e-02
-3.243695600404644663e-01 4.905939214734813397e-02
-3.231019131106466213e-01 5.017504817850449578e-02
-3.218257099391951259e-01 5.127903926461703510e-02
